0.012 0.047 0.037 0.024 0.01 0.003 0.0 0.004 0.038 0.036 0.037 0.043 0.052 0.066 0.076 
0.059 0.01 0.003 0.0 0.004 0.012 0.027 0.046 0.043 0.052 0.066 0.076 0.085 0.087 0.081 
0.08 0.048 0.063 0.077 0.087 0.092 0.09 0.087 0.103 0.102 0.098 0.092 0.085 0.079 0.076 
0.033 0.041 0.029 0.016 0.006 0.001 0.005 0.014 0.04 0.039 0.043 0.05 0.064 0.074 0.084 
0.061 0.016 0.006 0.001 0.005 0.014 0.033 0.047 0.043 0.05 0.064 0.074 0.084 0.085 0.077 
-0.041 -0.0 -0.0 -0.001 -0.016 -0.029 -0.04 -0.041 0.0 -0.1 -0.1 -0.1 -0.1 -0.1 -0.1 
-0.04 -0.041 -0.041 -0.041 -0.04 -0.041 -0.04 -0.04 -0.1 -0.1 -0.1 -0.1 -0.1 -0.1 -0.1 
-0.041 -0.041 -0.041 -0.041 -0.041 -0.041 -0.04 -0.041 -0.1 -0.1 -0.1 -0.1 -0.1 -0.1 -0.1 
-0.041 -0.041 -0.041 -0.041 -0.041 -0.041 -0.041 -0.041 -0.1 -0.1 -0.1 -0.1 -0.1 -0.1 -0.1 
-0.041 -0.041 -0.041 -0.041 -0.041 -0.041 -0.041 -0.041 -0.1 -0.1 -0.1 -0.1 -0.1 -0.1 -0.1 
-0.041 -0.042 -0.042 -0.042 -0.042 -0.042 -0.042 -0.042 -0.1 -0.1 -0.1 -0.1 -0.1 -0.1 -0.1 
-0.037 -0.007 -0.017 -0.032 -0.035 -0.036 -0.036 -0.037 -0.1 -0.1 -0.1 -0.1 -0.1 -0.1 -0.1 
-0.037 -0.032 -0.035 -0.036 -0.036 -0.037 -0.037 -0.037 -0.1 -0.1 -0.1 -0.1 -0.1 -0.1 -0.1 
-0.035 -0.036 -0.036 -0.037 -0.036 -0.036 -0.036 -0.036 -0.1 -0.1 -0.1 -0.1 -0.1 -0.1 -0.1 
-0.037 -0.035 -0.036 -0.038 -0.039 -0.039 -0.036 -0.036 -0.1 -0.1 -0.1 -0.1 -0.1 -0.1 -0.1 
-0.042 -0.04 -0.041 -0.041 -0.041 -0.041 -0.042 -0.042 -0.1 -0.1 -0.1 -0.1 -0.1 -0.1 -0.1 
0.0 0.0 0.0 0.0 0.0 0.0 0.0 -0.0 -0.1 -0.1 -0.1 -0.1 -0.1 -0.1 -0.1 
-0.0 -0.0 0.0 0.0 0.0 0.0 0.0 0.0 -0.1 -0.1 -0.1 -0.1 -0.1 -0.1 -0.1 
-0.041 -0.042 -0.042 -0.042 -0.038 -0.037 -0.037 -0.04 -0.1 -0.1 -0.1 -0.1 -0.1 -0.1 -0.1 
-0.041 -0.041 -0.041 -0.041 -0.041 -0.042 -0.042 -0.041 -0.1 -0.1 -0.1 -0.1 -0.1 -0.1 -0.1 
-0.041 -0.041 -0.041 -0.041 -0.042 -0.042 -0.041 -0.041 -0.1 -0.1 -0.1 -0.1 -0.1 -0.1 -0.1 
-0.041 -0.041 -0.041 -0.041 -0.041 -0.042 -0.042 -0.041 -0.1 -0.1 -0.1 -0.1 -0.1 -0.1 -0.1 
-0.041 0.0 0.0 -0.001 -0.017 -0.031 -0.041 -0.041 0.0 0.0 -0.1 -0.1 -0.1 -0.1 -0.1 
-0.0 -0.0 -0.0 -0.0 -0.0 -0.0 0.0 0.0 -0.1 -0.1 -0.1 -0.1 -0.1 -0.1 -0.1 
-0.0 -0.0 -0.0 -0.0 -0.0 0.0 -0.0 -0.0 -0.1 -0.1 -0.1 -0.1 -0.1 -0.1 -0.1 
-0.0 -0.0 -0.0 -0.0 -0.0 -0.0 -0.0 -0.0 -0.1 -0.1 -0.1 -0.1 -0.1 -0.1 -0.1 
-0.0 -0.0 -0.0 -0.0 -0.0 -0.0 -0.0 -0.0 -0.1 -0.1 -0.1 -0.1 -0.1 -0.1 -0.1 
-0.0 -0.0 -0.0 -0.0 -0.0 -0.0 -0.0 -0.0 -0.1 -0.1 -0.1 -0.1 -0.1 -0.1 -0.1 
-0.0 -0.0 -0.0 -0.0 0.0 -0.0 -0.0 -0.0 -0.1 -0.1 -0.1 -0.1 -0.1 -0.1 -0.1 
-0.0 -0.0 -0.0 -0.0 -0.0 -0.0 -0.0 -0.0 -0.1 -0.1 -0.1 -0.1 -0.1 -0.1 -0.1 
-0.0 -0.0 -0.0 -0.0 -0.0 -0.0 -0.0 -0.0 -0.1 -0.1 -0.1 -0.1 -0.1 -0.1 -0.1 
0.0 -0.0 -0.0 -0.0 0.0 0.0 -0.0 -0.0 -0.1 -0.1 -0.1 -0.1 -0.1 -0.1 -0.1 
-0.0 -0.0 -0.0 -0.0 -0.0 0.0 -0.0 0.0 -0.1 -0.1 -0.1 -0.1 -0.1 -0.1 -0.1 
-0.0 -0.0 -0.0 -0.0 -0.0 -0.0 -0.0 -0.0 -0.1 -0.1 -0.1 -0.1 -0.1 -0.1 -0.1 
0.0 -0.0 -0.0 -0.0 -0.0 -0.0 -0.0 -0.0 -0.1 -0.1 -0.1 -0.1 -0.1 -0.1 -0.1 
-0.0 0.0 -0.0 -0.0 -0.0 -0.0 -0.0 0.0 -0.1 -0.1 -0.1 -0.1 -0.1 -0.1 -0.1 
-0.0 -0.0 -0.0 0.0 -0.0 -0.0 -0.0 -0.0 -0.1 -0.1 -0.1 -0.1 -0.1 -0.1 -0.1 
-0.0 -0.0 0.0 -0.0 -0.0 -0.0 -0.0 -0.0 -0.1 -0.1 -0.1 -0.1 -0.1 -0.1 -0.1 
-0.0 -0.0 -0.0 -0.0 0.0 0.0 -0.0 -0.0 -0.1 -0.1 -0.1 -0.1 -0.1 -0.1 -0.1 
-0.0 -0.0 -0.0 -0.0 -0.0 -0.0 -0.0 -0.0 -0.1 -0.1 -0.1 -0.1 -0.1 -0.1 -0.1 
-0.041 -0.041 -0.041 -0.041 -0.041 -0.041 -0.04 -0.041 -0.1 -0.1 -0.1 -0.1 -0.1 -0.1 -0.1 
0.0 -0.0 0.0 0.0 -0.0 -0.0 -0.0 -0.0 -0.1 -0.1 -0.1 -0.1 -0.1 -0.1 -0.1 
-0.0 -0.0 -0.0 -0.0 -0.0 -0.0 -0.0 0.0 -0.1 -0.1 -0.1 -0.1 -0.1 -0.1 -0.1 
-0.0 -0.0 -0.0 -0.0 -0.0 -0.0 -0.0 -0.0 -0.1 -0.1 -0.1 -0.1 -0.1 -0.1 -0.1 
-0.0 0.0 -0.0 -0.0 -0.0 -0.0 -0.0 -0.0 -0.1 -0.1 -0.1 -0.1 -0.1 -0.1 -0.1 
-0.0 -0.0 -0.0 -0.0 -0.0 -0.0 -0.0 -0.0 -0.1 -0.1 -0.1 -0.1 -0.1 -0.1 -0.1 
-0.0 -0.0 -0.0 -0.0 -0.0 -0.0 -0.0 -0.0 -0.1 -0.1 -0.1 -0.1 -0.1 -0.1 -0.1 
-0.0 -0.0 -0.0 -0.0 -0.0 -0.0 -0.0 -0.0 -0.1 -0.1 -0.1 -0.1 -0.1 -0.1 -0.1 
0.061 -0.0 0.0 0.001 0.008 0.022 0.026 0.041 0.051 0.06 0.074 0.085 0.098 0.105 0.111 
0.122 0.075 0.082 0.089 0.1 0.108 0.116 0.121 0.109 0.115 0.122 0.125 0.128 0.125 0.114 
0.083 0.108 0.116 0.121 0.122 0.117 0.109 0.096 0.128 0.125 0.114 0.095 0.077 0.063 0.049 
0.052 0.121 0.122 0.117 0.109 0.096 0.083 0.067 0.114 0.095 0.077 0.063 0.049 0.039 0.035 
0.06 -0.0 0.0 -0.0 0.001 0.011 0.026 0.044 0.042 0.051 0.064 0.074 0.089 0.101 0.106 
0.068 0.086 0.091 0.091 0.088 0.083 0.077 0.072 0.096 0.089 0.084 0.08 0.079 0.076 0.067 
0.118 0.087 0.095 0.103 0.109 0.115 0.118 0.12 0.116 0.119 0.122 0.123 0.123 0.125 0.125 
0.067 0.096 0.088 0.078 0.07 0.065 0.064 0.064 0.072 0.071 0.071 0.073 0.077 0.079 0.082 
0.042 0.042 0.035 0.027 0.023 0.023 0.028 0.036 0.051 0.051 0.055 0.06 0.066 0.069 0.068 
-0.037 -0.036 -0.037 -0.037 -0.037 -0.037 -0.037 -0.037 -0.1 -0.1 -0.1 -0.1 -0.1 -0.1 -0.1 
-0.056 -0.048 -0.05 -0.051 -0.052 -0.053 -0.054 -0.055 -0.129 -0.132 -0.135 -0.137 -0.138 -0.14 -0.14 
-0.041 -0.058 -0.059 -0.06 -0.059 -0.059 -0.058 -0.056 -0.14 -0.14 -0.14 -0.14 -0.14 -0.14 -0.14 
-0.041 -0.06 -0.059 -0.059 -0.058 -0.056 -0.041 -0.039 -0.14 -0.14 -0.14 -0.14 -0.14 -0.14 -0.14 
-0.06 -0.058 -0.056 -0.041 -0.039 -0.041 -0.059 -0.06 -0.14 -0.14 -0.14 -0.14 -0.14 -0.14 -0.14 
-0.059 -0.059 -0.059 -0.058 -0.058 -0.058 -0.059 -0.059 -0.14 -0.14 -0.14 -0.14 -0.14 -0.14 -0.14 
-0.059 -0.058 -0.059 -0.059 -0.059 -0.059 -0.059 -0.059 -0.14 -0.14 -0.14 -0.14 -0.14 -0.14 -0.14 
-0.06 -0.059 -0.059 -0.059 -0.059 -0.059 -0.059 -0.059 -0.14 -0.14 -0.14 -0.14 -0.14 -0.14 -0.14 
-0.057 -0.059 -0.06 -0.06 -0.059 -0.059 -0.059 -0.058 -0.14 -0.14 -0.14 -0.14 -0.14 -0.14 -0.14 
-0.059 -0.059 -0.059 -0.059 -0.06 -0.06 -0.06 -0.059 -0.139 -0.139 -0.138 -0.138 -0.137 -0.136 -0.135 
-0.056 -0.059 -0.058 -0.057 -0.057 -0.057 -0.057 -0.057 -0.134 -0.133 -0.131 -0.13 -0.129 -0.127 -0.126 
-0.041 -0.046 -0.046 -0.045 -0.043 -0.042 -0.041 -0.042 -0.102 -0.101 -0.1 -0.1 -0.1 -0.1 -0.1 
-0.041 -0.041 -0.042 -0.041 -0.041 -0.041 -0.041 -0.041 -0.1 -0.1 -0.1 -0.1 -0.1 -0.1 -0.1 
-0.041 -0.04 -0.04 -0.04 -0.04 -0.04 -0.041 -0.041 -0.1 -0.1 -0.1 -0.1 -0.1 -0.1 -0.1 
-0.041 -0.041 -0.041 -0.041 -0.04 -0.04 -0.041 -0.041 -0.1 -0.1 -0.1 -0.1 -0.1 -0.1 -0.1 
0.069 0.0 0.0 0.0 0.007 0.022 0.042 0.054 0.054 0.064 0.078 0.089 0.103 0.11 0.109 
0.108 0.076 0.073 0.073 0.077 0.081 0.089 0.098 0.084 0.09 0.1 0.107 0.116 0.121 0.126 
0.131 0.131 0.134 0.125 0.127 0.129 0.138 0.137 0.138 0.141 0.142 0.143 0.137 0.131 0.114 
0.062 0.124 0.113 0.104 0.091 0.082 0.073 0.065 0.09 0.08 0.073 0.069 0.069 0.07 0.073 
0.066 0.091 0.082 0.073 0.065 0.062 0.061 0.063 0.069 0.069 0.07 0.073 0.077 0.079 0.081 
-0.042 -0.042 -0.042 -0.042 -0.042 -0.042 -0.042 -0.042 -0.1 -0.1 -0.1 -0.1 -0.1 -0.1 -0.1 
-0.056 -0.042 -0.042 -0.042 -0.043 -0.045 -0.048 -0.052 -0.101 -0.104 -0.108 -0.111 -0.115 -0.118 -0.122 
-0.092 -0.089 -0.091 -0.092 -0.092 -0.092 -0.091 -0.091 -0.14 -0.14 -0.14 -0.14 -0.14 -0.14 -0.14 
-0.091 -0.091 -0.092 -0.092 -0.092 -0.092 -0.091 -0.091 -0.14 -0.14 -0.139 -0.139 -0.138 -0.136 -0.135 
-0.09 -0.092 -0.092 -0.092 -0.091 -0.091 -0.091 -0.091 -0.139 -0.139 -0.138 -0.136 -0.135 -0.133 -0.131 
-0.046 -0.046 -0.046 -0.046 -0.046 -0.045 -0.046 -0.046 -0.1 -0.1 -0.1 -0.1 -0.1 -0.1 -0.1 
-0.046 -0.046 -0.045 -0.046 -0.046 -0.046 -0.046 -0.046 -0.1 -0.1 -0.1 -0.1 -0.1 -0.1 -0.1 
-0.041 -0.042 -0.042 -0.042 -0.041 -0.041 -0.041 -0.042 -0.1 -0.1 -0.1 -0.1 -0.1 -0.1 -0.1 
0.0 0.0 -0.0 0.0 -0.0 0.0 0.0 0.0 0.0 0.0 0.0 0.003 0.01 0.019 0.026 
0.071 0.086 0.093 0.094 0.09 0.084 0.078 0.074 0.096 0.089 0.082 0.076 0.075 0.078 0.083 
0.101 0.078 0.074 0.071 0.072 0.077 0.084 0.092 0.078 0.083 0.09 0.099 0.108 0.114 0.119 
0.136 0.122 0.123 0.118 0.109 0.11 0.121 0.132 0.125 0.127 0.129 0.133 0.146 0.156 0.164 
0.139 0.152 0.147 0.143 0.139 0.138 0.138 0.138 0.14 0.138 0.138 0.138 0.14 0.141 0.142 
0.132 0.139 0.141 0.141 0.142 0.141 0.139 0.136 0.143 0.143 0.142 0.139 0.134 0.129 0.124 
0.07 0.085 0.082 0.079 0.077 0.073 0.071 0.084 0.083 0.081 0.08 0.078 0.075 
0.059 0.077 0.073 0.071 0.07 0.067 0.064 0.08 0.078 0.075 0.073 0.07 0.066 
0.026 0.044 0.04 0.038 0.035 0.034 0.033 0.03 0.058 0.059 0.056 0.056 0.054 0.052 0.05 
0.014 0.0 0.0 0.0 0.0 0.0 0.0 0.002 0.017 0.023 0.034 0.042 0.054 0.067 0.078 
0.091 0.0 0.002 0.014 0.031 0.049 0.066 0.08 0.067 0.078 0.092 0.1 0.106 0.102 0.098 
0.099 0.077 0.073 0.071 0.072 0.075 0.082 0.09 0.077 0.081 0.09 0.096 0.105 0.112 0.117 
0.084 0.007 0.002 0.008 0.024 0.043 0.059 0.074 0.065 0.079 0.094 0.109 0.112 0.102 0.091 
0.0 0.0 0.0 -0.0 0.0 0.0 0.0 0.0 -0.1 -0.1 -0.1 -0.1 -0.1 -0.1 -0.1 
0.0 0.0 0.0 0.0 -0.0 0.0 0.0 -0.0 -0.1 -0.1 -0.1 -0.1 -0.1 -0.1 -0.1 
0.0 -0.0 0.0 0.0 -0.0 0.0 0.0 0.0 -0.1 -0.1 -0.1 -0.1 -0.1 -0.1 -0.1 
-0.051 0.0 0.0 -0.009 -0.024 -0.041 -0.047 -0.05 -0.107 -0.11 -0.113 -0.117 -0.121 -0.124 -0.128 
-0.059 -0.058 -0.059 -0.059 -0.059 -0.059 -0.059 -0.06 -0.14 -0.14 -0.14 -0.14 -0.14 -0.14 -0.14 
-0.06 -0.059 -0.059 -0.059 -0.059 -0.059 -0.06 -0.059 -0.14 -0.14 -0.14 -0.14 -0.14 -0.14 -0.14 
-0.059 -0.061 -0.06 -0.059 -0.057 -0.049 -0.048 -0.052 -0.14 -0.14 -0.14 -0.14 -0.14 -0.14 -0.14 
-0.061 -0.06 -0.059 -0.057 -0.049 -0.048 -0.052 -0.059 -0.14 -0.14 -0.14 -0.14 -0.14 -0.14 -0.14 
-0.059 -0.061 -0.06 -0.06 -0.058 -0.051 -0.051 -0.056 -0.14 -0.14 -0.14 -0.14 -0.14 -0.14 -0.14 
-0.06 -0.06 -0.059 -0.059 -0.059 -0.059 -0.059 -0.06 -0.14 -0.14 -0.14 -0.14 -0.14 -0.14 -0.14 
-0.059 -0.059 -0.06 -0.059 -0.058 -0.058 -0.059 -0.059 -0.14 -0.14 -0.14 -0.14 -0.14 -0.14 -0.14 
-0.059 -0.06 -0.06 -0.059 -0.06 -0.057 -0.057 -0.057 -0.14 -0.14 -0.14 -0.14 -0.14 -0.14 -0.14 
-0.057 -0.059 -0.058 -0.058 -0.058 -0.058 -0.058 -0.058 -0.134 -0.133 -0.131 -0.13 -0.129 -0.127 -0.125 
-0.045 -0.052 -0.051 -0.05 -0.048 -0.047 -0.047 -0.046 -0.112 -0.111 -0.108 -0.107 -0.105 -0.104 -0.102 
-0.041 -0.047 -0.047 -0.046 -0.045 -0.044 -0.042 -0.041 -0.105 -0.104 -0.102 -0.1 -0.1 -0.1 -0.1 
-0.041 -0.041 -0.041 -0.04 -0.04 -0.04 -0.04 -0.04 -0.1 -0.1 -0.1 -0.1 -0.1 -0.1 -0.1 
-0.04 -0.04 -0.04 -0.04 -0.04 -0.041 -0.041 -0.041 -0.1 -0.1 -0.1 -0.1 -0.1 -0.1 -0.1 
-0.039 -0.041 -0.04 -0.04 -0.039 -0.039 -0.039 -0.039 -0.1 -0.1 -0.1 -0.1 -0.1 -0.1 -0.1 
-0.04 -0.039 -0.039 -0.039 -0.039 -0.04 -0.04 -0.04 -0.1 -0.1 -0.1 -0.1 -0.1 -0.1 -0.1 
-0.041 -0.04 -0.04 -0.04 -0.04 -0.041 -0.04 -0.041 -0.1 -0.1 -0.1 -0.1 -0.1 -0.1 -0.1 
0.069 0.085 0.091 0.09 0.087 0.08 0.074 0.07 0.092 0.087 0.079 0.076 0.076 0.08 0.085 
0.119 0.118 0.122 0.123 0.123 0.124 0.124 0.125 0.124 0.123 0.123 0.124 0.127 0.13 0.131 
0.046 0.0 0.0 0.0 -0.0 0.001 0.011 0.027 0.034 0.042 0.054 0.064 0.078 0.093 0.102 
0.128 0.094 0.103 0.109 0.117 0.121 0.126 0.127 0.122 0.125 0.126 0.128 0.127 0.128 0.128 
0.114 0.126 0.127 0.128 0.129 0.129 0.127 0.123 0.128 0.128 0.128 0.126 0.115 0.105 0.095 
0.074 0.129 0.127 0.123 0.114 0.107 0.094 0.084 0.115 0.105 0.095 0.084 0.074 0.069 0.065 
0.002 0.065 0.061 0.053 0.043 0.031 0.019 0.008 0.061 0.053 0.044 0.041 0.039 0.044 0.05 
-0.042 -0.041 -0.041 -0.041 -0.042 -0.042 -0.041 -0.042 -0.1 -0.1 -0.1 -0.1 -0.1 -0.1 -0.1 
-0.085 -0.053 -0.057 -0.063 -0.069 -0.074 -0.08 -0.122 -0.125 -0.13 -0.132 -0.135 -0.138 
-0.092 -0.063 -0.069 -0.074 -0.08 -0.085 -0.09 -0.092 -0.13 -0.132 -0.135 -0.138 -0.139 -0.14 -0.14 
-0.077 -0.085 -0.09 -0.092 -0.092 -0.091 -0.077 -0.075 -0.139 -0.14 -0.14 -0.14 -0.14 -0.14 -0.14 
-0.091 -0.091 -0.091 -0.091 -0.091 -0.091 -0.091 -0.091 -0.14 -0.14 -0.14 -0.14 -0.14 -0.14 -0.14 
-0.09 -0.091 -0.091 -0.091 -0.091 -0.091 -0.091 -0.09 -0.14 -0.14 -0.14 -0.14 -0.14 -0.14 -0.14 
-0.091 -0.09 -0.091 -0.091 -0.09 -0.09 -0.09 -0.091 -0.14 -0.14 -0.14 -0.14 -0.14 -0.14 -0.14 
-0.088 -0.09 -0.091 -0.091 -0.091 -0.091 -0.09 -0.089 -0.14 -0.14 -0.14 -0.14 -0.14 -0.14 -0.14 
-0.093 -0.091 -0.09 -0.089 -0.088 -0.09 -0.091 -0.092 -0.14 -0.14 -0.14 -0.14 -0.14 -0.14 -0.14 
-0.053 -0.076 -0.072 -0.07 -0.066 -0.062 -0.059 -0.055 -0.119 -0.117 -0.115 -0.113 -0.111 -0.108 -0.107 
-0.045 -0.05 -0.049 -0.045 -0.043 -0.042 -0.044 -0.045 -0.101 -0.1 -0.1 -0.1 -0.1 -0.1 -0.1 
-0.045 -0.046 -0.046 -0.046 -0.046 -0.046 -0.046 -0.045 -0.1 -0.1 -0.1 -0.1 -0.1 -0.1 -0.1 
-0.045 -0.045 -0.045 -0.045 -0.045 -0.045 -0.045 -0.045 -0.1 -0.1 -0.1 -0.1 -0.1 -0.1 -0.1 
-0.038 -0.037 -0.037 -0.037 -0.038 -0.038 -0.038 -0.038 -0.1 -0.1 -0.1 -0.1 -0.1 -0.1 -0.1 
0.139 0.088 0.092 0.098 0.121 0.129 0.136 0.139 0.126 0.128 0.139 0.143 0.145 0.138 0.136 
0.082 0.133 0.13 0.125 0.118 0.109 0.1 0.09 0.119 0.11 0.098 0.09 0.081 0.074 0.072 
0.027 0.062 0.064 0.064 0.06 0.056 0.048 0.039 0.075 0.071 0.065 0.058 0.051 0.046 0.043 
0.001 0.0 0.0 -0.0 0.0 0.0 0.0 0.0 0.003 0.01 0.019 0.026 0.036 0.045 0.057 
0.123 0.095 0.104 0.11 0.116 0.119 0.121 0.123 0.121 0.122 0.123 0.123 0.123 0.124 0.125 
0.083 0.127 0.127 0.127 0.124 0.117 0.108 0.097 0.126 0.117 0.104 0.095 0.082 0.073 0.065 
0.007 0.067 0.063 0.059 0.054 0.045 0.033 0.018 0.065 0.058 0.05 0.044 0.037 0.035 0.036 
0.084 0.09 0.085 0.078 0.072 0.071 0.072 0.078 0.076 0.075 0.079 0.085 0.092 0.101 0.108 
0.109 0.072 0.071 0.072 0.078 0.084 0.093 0.101 0.085 0.092 0.101 0.108 0.116 0.122 0.124 
0.007 0.11 0.098 0.083 0.065 0.05 0.033 0.017 0.059 0.047 0.034 0.031 0.028 0.032 0.038 
0.085 0.001 0.01 0.026 0.048 0.065 0.077 0.086 0.089 0.105 0.114 0.112 0.101 0.087 0.06 
0.084 0.043 0.058 0.073 0.087 0.094 0.093 0.089 0.108 0.107 0.103 0.097 0.088 0.082 0.077 
-0.04 -0.041 -0.042 -0.042 -0.042 -0.041 -0.04 -0.04 -0.1 -0.1 -0.1 -0.1 -0.1 -0.1 -0.1 
-0.057 -0.041 -0.041 -0.042 -0.043 -0.046 -0.049 -0.052 -0.101 -0.104 -0.108 -0.111 -0.115 -0.118 -0.122 
-0.094 -0.09 -0.09 -0.092 -0.092 -0.094 -0.095 -0.095 -0.14 -0.14 -0.14 -0.14 -0.14 -0.14 -0.14 
-0.094 -0.095 -0.095 -0.094 -0.093 -0.092 -0.093 -0.093 -0.14 -0.14 -0.14 -0.14 -0.14 -0.14 -0.14 
-0.096 -0.094 -0.094 -0.092 -0.092 -0.093 -0.094 -0.094 -0.14 -0.14 -0.14 -0.14 -0.14 -0.14 -0.14 
-0.094 -0.094 -0.096 -0.096 -0.095 -0.094 -0.093 -0.093 -0.14 -0.14 -0.14 -0.14 -0.14 -0.14 -0.14 
-0.093 -0.094 -0.095 -0.095 -0.095 -0.095 -0.094 -0.093 -0.14 -0.14 -0.139 -0.138 -0.138 -0.136 -0.134 
-0.077 -0.093 -0.092 -0.091 -0.09 -0.087 -0.085 -0.081 -0.133 -0.131 -0.128 -0.126 -0.123 -0.12 -0.119 
-0.047 -0.045 -0.046 -0.046 -0.046 -0.046 -0.047 -0.048 -0.1 -0.1 -0.1 -0.1 -0.1 -0.1 -0.1 
0.113 0.071 0.071 0.075 0.08 0.087 0.096 0.104 0.087 0.095 0.104 0.11 0.116 0.119 0.123 
0.062 0.058 0.056 0.055 0.057 0.06 0.063 0.064 0.07 0.073 0.075 0.077 0.075 0.072 0.065 
0.073 0.09 0.092 0.088 0.082 0.078 0.074 0.072 0.088 0.083 0.077 0.076 0.077 0.083 0.089 
-0.0 0.0 -0.0 0.0 0.0 0.0 0.0 0.0 0.0 -0.1 -0.1 -0.1 -0.1 -0.1 -0.1 
-0.057 -0.048 -0.05 -0.052 -0.053 -0.054 -0.055 -0.057 -0.125 -0.129 -0.132 -0.135 -0.137 -0.138 -0.14 
-0.06 -0.059 -0.059 -0.059 -0.059 -0.059 -0.06 -0.06 -0.14 -0.14 -0.14 -0.14 -0.14 -0.14 -0.14 
-0.059 -0.06 -0.06 -0.059 -0.057 -0.058 -0.058 -0.059 -0.14 -0.14 -0.14 -0.14 -0.14 -0.14 -0.14 
-0.06 -0.06 -0.058 -0.057 -0.057 -0.06 -0.06 -0.06 -0.14 -0.14 -0.14 -0.14 -0.14 -0.14 -0.14 
-0.059 -0.059 -0.059 -0.059 -0.059 -0.059 -0.059 -0.059 -0.136 -0.135 -0.134 -0.132 -0.131 -0.13 -0.128 
-0.046 -0.053 -0.053 -0.052 -0.049 -0.048 -0.046 -0.046 -0.115 -0.113 -0.111 -0.11 -0.108 -0.106 -0.105 
-0.039 -0.04 -0.04 -0.04 -0.04 -0.04 -0.039 -0.039 -0.1 -0.1 -0.1 -0.1 -0.1 -0.1 -0.1 
0.0 0.0 0.0 0.0 0.0 0.0 0.0 0.0 0.0 0.002 0.009 0.015 0.023 0.033 0.042 
0.09 0.028 0.046 0.063 0.075 0.086 0.092 0.095 0.104 0.109 0.109 0.103 0.097 0.091 0.085 
0.003 0.039 0.024 0.011 0.002 -0.0 0.0 0.0 0.022 0.02 0.026 0.034 0.047 0.058 0.065 
0.072 0.071 0.083 0.091 0.092 0.09 0.084 0.08 0.105 0.101 0.092 0.084 0.081 0.078 0.075 
0.05 0.092 0.09 0.084 0.08 0.072 0.067 0.058 0.084 0.081 0.078 0.075 0.064 0.053 0.044 
0.006 0.058 0.05 0.037 0.024 0.011 0.002 0.001 0.044 0.039 0.035 0.034 0.04 0.053 0.063 
0.081 0.024 0.042 0.059 0.073 0.085 0.089 0.086 0.094 0.102 0.1 0.097 0.092 0.084 0.079 
-0.0 0.0 0.0 0.0 0.0 0.0 0.0 0.0 0.0 0.0 0.002 0.009 0.017 0.023 0.033 
0.0 0.0 0.0 0.0 0.0 0.0 -0.0 0.0 0.002 0.009 0.017 0.023 0.033 0.042 0.054 
0.017 0.0 0.0 0.0 -0.0 0.0 0.0 0.005 0.017 0.023 0.033 0.042 0.054 0.064 0.078 
0.094 0.003 0.013 0.03 0.048 0.064 0.078 0.089 0.081 0.093 0.103 0.107 0.106 0.101 0.096 
0.031 0.086 0.081 0.076 0.07 0.063 0.052 0.043 0.078 0.077 0.07 0.061 0.052 0.045 0.042 
0.089 0.0 0.001 0.011 0.028 0.047 0.062 0.077 0.064 0.074 0.089 0.098 0.103 0.101 0.098 
-0.118 -0.119 -0.119 -0.119 -0.119 -0.119 -0.118 -0.118 -0.159 -0.16 -0.16 -0.161 -0.161 -0.162 -0.162 
-0.12 -0.12 -0.12 -0.12 -0.12 -0.121 -0.12 -0.123 -0.17 -0.17 -0.171 -0.171 -0.172 -0.172 -0.173 
-0.12 -0.12 -0.121 -0.12 -0.123 -0.12 -0.12 -0.12 -0.171 -0.172 -0.172 -0.173 -0.173 -0.173 -0.174 
-0.12 -0.12 -0.12 -0.12 -0.121 -0.121 -0.12 -0.12 -0.173 -0.174 -0.174 -0.175 -0.175 -0.175 -0.175 
0.14 0.141 0.142 0.141 0.142 0.141 0.14 0.141 0.126 0.126 0.125 0.125 0.125 0.125 0.125 
0.14 0.141 0.142 0.141 0.14 0.141 0.14 0.14 0.125 0.125 0.125 0.125 0.125 0.125 0.125 
0.09 0.118 0.114 0.109 0.108 0.101 0.099 0.093 0.095 0.092 0.088 0.087 0.084 0.083 0.081 
0.064 0.084 0.082 0.078 0.076 0.072 0.068 0.066 0.075 0.073 0.072 0.069 0.068 0.066 0.064 
0.012 0.018 0.015 0.008 0.003 0.0 0.0 0.005 0.038 0.037 0.037 0.041 0.044 0.05 0.051 
0.025 0.008 0.003 0.0 0.0 0.005 0.012 0.02 0.037 0.041 0.044 0.05 0.051 0.049 0.045 
-0.095 -0.034 -0.038 -0.044 -0.049 -0.055 -0.063 -0.076 -0.078 -0.084 -0.089 -0.1 -0.106 -0.111 -0.116 
-0.118 -0.116 -0.117 -0.117 -0.117 -0.117 -0.116 -0.118 -0.16 -0.16 -0.161 -0.161 -0.162 -0.162 -0.163 
-0.118 -0.12 -0.119 -0.119 -0.12 -0.12 -0.119 -0.119 -0.174 -0.175 -0.175 -0.176 -0.176 -0.176 -0.177 
-0.119 -0.119 -0.119 -0.12 -0.12 -0.119 -0.119 -0.118 -0.175 -0.175 -0.176 -0.176 -0.176 -0.177 -0.178 
-0.121 -0.12 -0.12 -0.12 -0.121 -0.121 -0.12 -0.121 -0.187 -0.188 -0.188 -0.188 -0.189 -0.189 -0.188 
-0.119 -0.119 -0.12 -0.12 -0.12 -0.121 -0.12 -0.119 -0.159 -0.157 -0.154 -0.15 -0.143 -0.139 -0.136 
0.104 0.0 0.008 0.023 0.045 0.066 0.083 0.095 0.079 0.089 0.097 0.101 0.101 0.101 0.101 
0.158 0.114 0.118 0.125 0.134 0.142 0.148 0.154 0.124 0.129 0.136 0.14 0.143 0.145 0.144 
0.159 0.154 0.158 0.16 0.16 0.161 0.161 0.16 0.144 0.144 0.144 0.143 0.143 0.141 0.14 
0.086 0.109 0.105 0.101 0.099 0.095 0.092 0.089 0.09 0.089 0.087 0.085 0.081 0.08 0.077 
0.033 0.046 0.044 0.042 0.04 0.038 0.036 0.034 0.056 0.055 0.054 0.054 0.052 0.051 0.051 
0.006 0.016 0.016 0.017 0.017 0.016 0.013 0.01 0.046 0.046 0.045 0.044 0.041 0.04 0.04 
0.001 0.017 0.017 0.016 0.013 0.01 0.006 0.003 0.045 0.044 0.041 0.04 0.04 0.041 0.043 
0.016 0.013 0.01 0.006 0.003 0.001 0.003 0.009 0.04 0.04 0.041 0.043 0.048 0.05 0.05 
-0.119 -0.116 -0.116 -0.116 -0.116 -0.116 -0.116 -0.118 -0.165 -0.165 -0.165 -0.166 -0.167 -0.167 -0.168 
0.0 0.0 0.0 0.0 0.0 0.0 0.0 0.0 0.089 0.1 0.111 0.122 0.145 0.158 0.17 
0.015 0.0 0.0 0.003 0.01 0.02 0.023 0.022 0.048 0.049 0.051 0.049 0.043 0.033 0.026 
0.016 0.0 0.0 0.0 0.003 0.008 0.013 0.017 0.043 0.046 0.047 0.048 0.047 0.045 0.035 
0.037 0.101 0.091 0.083 0.069 0.06 0.049 0.042 0.066 0.061 0.057 0.055 0.052 0.053 0.053 
-0.062 -0.021 -0.024 -0.03 -0.038 -0.043 -0.048 -0.053 -0.06 -0.066 -0.072 -0.083 -0.088 -0.094 -0.099 
-0.119 -0.118 -0.119 -0.119 -0.12 -0.119 -0.119 -0.119 -0.164 -0.164 -0.165 -0.165 -0.166 -0.166 -0.167 
-0.119 -0.119 -0.119 -0.119 -0.119 -0.118 -0.119 -0.119 -0.166 -0.167 -0.167 -0.167 -0.168 -0.169 -0.169 
-0.12 -0.119 -0.119 -0.119 -0.119 -0.119 -0.119 -0.12 -0.169 -0.169 -0.169 -0.17 -0.17 -0.171 -0.171 
-0.12 -0.119 -0.119 -0.12 -0.12 -0.12 -0.12 -0.12 -0.17 -0.171 -0.171 -0.171 -0.172 -0.172 -0.173 
0.016 0.0 -0.0 0.0 0.0 0.0 0.0 0.003 0.023 0.032 0.041 0.05 0.059 0.079 0.089 
-0.0 0.034 0.028 0.016 0.006 0.0 0.0 0.0 0.034 0.025 0.025 0.028 0.034 0.038 0.042 
0.126 0.113 0.114 0.116 0.118 0.121 0.127 0.125 0.108 0.109 0.111 0.113 0.115 0.109 0.103 
0.008 0.0 0.003 0.01 0.019 0.023 0.023 0.016 0.048 0.05 0.052 0.047 0.036 0.027 0.0 
0.057 0.112 0.104 0.093 0.082 0.073 0.066 0.06 0.072 0.068 0.065 0.063 0.063 0.063 0.063 
0.047 0.073 0.066 0.06 0.057 0.054 0.052 0.05 0.063 0.063 0.063 0.063 0.06 0.058 0.056 
0.012 0.02 0.02 0.022 0.025 0.025 0.024 0.019 0.051 0.051 0.05 0.048 0.045 0.041 0.037 
0.125 0.107 0.112 0.115 0.118 0.12 0.123 0.125 0.106 0.108 0.111 0.113 0.115 0.11 0.102 
0.052 0.1 0.089 0.079 0.07 0.063 0.058 0.054 0.066 0.064 0.062 0.062 0.062 0.062 0.061 
0.0 0.0 0.0 0.0 -0.0 0.0 -0.0 0.0 0.037 0.037 0.038 0.039 0.039 0.04 0.041 
0.035 0.092 0.087 0.077 0.069 0.061 0.052 0.045 0.064 0.061 0.055 0.053 0.051 0.05 0.047 
0.0 0.029 0.026 0.019 0.009 0.002 0.0 0.0 0.042 0.033 0.031 0.032 0.037 0.041 0.047 
0.016 0.009 0.002 0.0 0.0 0.0 0.004 0.008 0.032 0.037 0.041 0.047 0.048 0.049 0.049 
0.113 0.001 0.01 0.029 0.05 0.067 0.08 0.097 0.183 0.192 0.192 0.192 0.192 0.192 0.192 
0.013 0.028 0.026 0.025 0.023 0.021 0.018 0.015 0.049 0.048 0.047 0.046 0.044 0.044 0.044 
-0.0 0.013 0.013 0.012 0.009 0.006 0.003 0.001 0.043 0.041 0.04 0.039 0.039 0.041 0.043 
0.093 0.015 0.034 0.053 0.07 0.084 0.094 0.096 0.089 0.095 0.096 0.094 0.09 0.084 0.073 
0.01 0.076 0.062 0.046 0.03 0.016 0.006 0.002 0.042 0.038 0.038 0.041 0.047 0.053 0.061 
0.022 0.062 0.046 0.03 0.016 0.006 0.002 0.01 0.038 0.038 0.041 0.047 0.053 0.061 0.065 
0.096 0.072 0.087 0.096 0.1 0.1 0.099 0.098 0.097 0.095 0.094 0.092 0.091 0.082 0.077 
0.0 0.034 0.035 0.031 0.023 0.011 0.003 0.0 0.051 0.042 0.036 0.035 0.035 0.04 0.05 
-0.121 -0.119 -0.119 -0.12 -0.119 -0.12 -0.121 -0.121 -0.166 -0.167 -0.167 -0.167 -0.168 -0.168 -0.168 
-0.054 -0.082 -0.072 -0.064 -0.061 -0.06 -0.058 -0.056 -0.089 -0.087 -0.086 -0.084 -0.081 -0.076 -0.073 
0.16 0.144 0.15 0.154 0.157 0.158 0.159 0.16 0.143 0.144 0.144 0.144 0.145 0.144 0.143 
0.059 0.08 0.077 0.074 0.071 0.068 0.065 0.062 0.071 0.07 0.068 0.067 0.065 0.064 0.061 
0.019 0.031 0.029 0.028 0.026 0.023 0.021 0.02 0.05 0.049 0.048 0.046 0.047 0.046 0.047 
-0.041 -0.005 -0.009 -0.014 -0.017 -0.02 -0.026 -0.034 -0.052 -0.052 -0.052 -0.056 -0.061 -0.072 -0.078 
-0.118 -0.115 -0.114 -0.116 -0.118 -0.117 -0.117 -0.117 -0.141 -0.144 -0.15 -0.153 -0.155 -0.156 -0.158 
-0.12 -0.12 -0.119 -0.121 -0.119 -0.119 -0.12 -0.12 -0.163 -0.163 -0.164 -0.164 -0.164 -0.165 -0.165 
-0.041 -0.056 -0.054 -0.052 -0.05 -0.048 -0.045 -0.043 -0.076 -0.074 -0.071 -0.068 -0.066 -0.062 -0.055 
0.15 0.159 0.157 0.156 0.154 0.153 0.147 0.151 0.138 0.136 0.136 0.135 0.135 0.134 0.134 
0.138 0.141 0.142 0.142 0.143 0.143 0.142 0.14 0.128 0.128 0.128 0.126 0.121 0.118 0.114 
0.123 0.143 0.143 0.142 0.14 0.138 0.132 0.128 0.126 0.121 0.118 0.114 0.11 0.107 0.101 
0.111 0.14 0.138 0.132 0.128 0.123 0.118 0.114 0.114 0.11 0.107 0.101 0.099 0.097 0.095 
0.06 0.08 0.08 0.078 0.075 0.073 0.069 0.065 0.075 0.073 0.071 0.069 0.064 0.063 0.061 
-0.011 0.0 -0.0 -0.0 0.0 -0.0 -0.002 -0.006 0.0 0.0 -0.052 -0.052 -0.052 -0.052 -0.052 
-0.117 -0.115 -0.116 -0.115 -0.115 -0.115 -0.116 -0.116 -0.137 -0.14 -0.144 -0.147 -0.153 -0.155 -0.156 
-0.119 -0.117 -0.117 -0.116 -0.117 -0.117 -0.118 -0.117 -0.159 -0.16 -0.16 -0.161 -0.162 -0.162 -0.162 
-0.12 -0.122 -0.119 -0.119 -0.12 -0.12 -0.12 -0.12 -0.17 -0.17 -0.171 -0.171 -0.171 -0.171 -0.172 
-0.12 -0.12 -0.12 -0.12 -0.12 -0.12 -0.121 -0.12 -0.171 -0.171 -0.171 -0.172 -0.172 -0.173 -0.173 
-0.12 -0.12 -0.121 -0.12 -0.12 -0.12 -0.12 -0.12 -0.175 -0.175 -0.175 -0.176 -0.176 -0.177 -0.177 
-0.067 -0.117 -0.117 -0.117 -0.115 -0.108 -0.095 -0.077 -0.116 -0.113 -0.107 -0.102 -0.098 -0.09 -0.087 
-0.044 -0.095 -0.077 -0.067 -0.061 -0.057 -0.053 -0.048 -0.09 -0.087 -0.085 -0.082 -0.08 -0.075 -0.072 
0.063 0.0 0.0 0.0 0.0 0.007 0.022 0.043 0.041 0.05 0.069 0.079 0.089 0.098 0.103 
0.161 0.141 0.148 0.154 0.157 0.159 0.161 0.161 0.144 0.145 0.146 0.145 0.145 0.144 0.143 
0.151 0.158 0.157 0.156 0.153 0.153 0.154 0.152 0.137 0.136 0.135 0.135 0.135 0.134 0.134 
0.142 0.144 0.144 0.144 0.144 0.144 0.143 0.142 0.128 0.128 0.127 0.127 0.127 0.126 0.127 
0.142 0.144 0.144 0.144 0.143 0.142 0.142 0.142 0.127 0.127 0.127 0.126 0.127 0.127 0.127 
0.089 0.111 0.107 0.104 0.101 0.1 0.096 0.093 0.092 0.091 0.089 0.087 0.081 0.079 0.076 
0.048 0.066 0.063 0.061 0.058 0.055 0.053 0.05 0.066 0.063 0.063 0.061 0.06 0.059 0.057 
0.022 0.035 0.034 0.032 0.031 0.029 0.027 0.024 0.051 0.051 0.051 0.049 0.047 0.047 0.046 
0.006 0.004 0.006 0.011 0.014 0.017 0.017 0.012 0.047 0.047 0.046 0.044 0.039 0.034 0.024 
-0.046 -0.022 -0.022 -0.023 -0.025 -0.029 -0.035 -0.041 -0.052 -0.052 -0.054 -0.06 -0.071 -0.077 -0.082 
-0.116 -0.052 -0.058 -0.067 -0.084 -0.102 -0.112 -0.115 -0.093 -0.104 -0.109 -0.115 -0.119 -0.123 -0.131 
-0.117 -0.084 -0.102 -0.112 -0.115 -0.116 -0.116 -0.117 -0.115 -0.119 -0.123 -0.131 -0.135 -0.139 -0.143 
-0.116 -0.118 -0.118 -0.118 -0.119 -0.119 -0.12 -0.118 -0.13 -0.127 -0.124 -0.121 -0.114 -0.111 -0.107 
-0.05 -0.064 -0.063 -0.06 -0.058 -0.056 -0.054 -0.052 -0.083 -0.08 -0.078 -0.076 -0.072 -0.07 -0.067 
-0.048 -0.023 -0.023 -0.023 -0.025 -0.03 -0.036 -0.043 -0.052 -0.052 -0.054 -0.059 -0.071 -0.076 -0.082 
-0.058 -0.023 -0.025 -0.03 -0.036 -0.043 -0.048 -0.053 -0.054 -0.059 -0.071 -0.076 -0.082 -0.087 -0.098 
-0.046 -0.061 -0.06 -0.058 -0.056 -0.054 -0.051 -0.049 -0.081 -0.079 -0.076 -0.073 -0.071 -0.068 -0.067 
-0.04 -0.054 -0.051 -0.049 -0.046 -0.044 -0.043 -0.043 -0.071 -0.068 -0.067 -0.063 -0.061 -0.059 -0.057 
-0.03 -0.033 -0.03 -0.03 -0.029 -0.03 -0.03 -0.03 -0.052 -0.052 -0.052 -0.052 -0.052 -0.052 -0.052 
0.023 0.0 0.0 0.0 0.0 0.0 0.0 0.005 0.015 0.032 0.041 0.05 0.059 0.069 0.089 
0.043 0.0 0.0 0.0 0.0 0.0 0.005 0.023 0.032 0.041 0.05 0.059 0.069 0.089 0.097 
0.122 0.091 0.103 0.108 0.111 0.113 0.114 0.118 0.101 0.102 0.104 0.107 0.112 0.123 0.129 
0.004 0.001 0.006 0.014 0.021 0.024 0.02 0.011 0.052 0.053 0.051 0.047 0.039 0.024 0.019 
0.011 0.0 0.0 -0.0 0.0 0.0 0.0 0.0 0.0 0.015 0.024 0.041 0.05 0.059 0.069 
0.11 0.067 0.08 0.093 0.099 0.101 0.103 0.106 0.094 0.094 0.096 0.098 0.101 0.107 0.113 
0.062 0.093 0.089 0.084 0.08 0.075 0.072 0.066 0.077 0.075 0.073 0.07 0.069 0.065 0.063 
0.018 0.014 0.01 0.007 0.006 0.007 0.011 0.014 0.042 0.042 0.045 0.047 0.048 0.047 0.045 
0.012 0.007 0.006 0.007 0.011 0.014 0.018 0.016 0.045 0.047 0.048 0.047 0.045 0.035 0.03 
-0.115 -0.069 -0.085 -0.101 -0.112 -0.114 -0.114 -0.115 -0.109 -0.114 -0.119 -0.123 -0.131 -0.135 -0.139 
-0.118 -0.115 -0.118 -0.118 -0.118 -0.119 -0.119 -0.118 -0.159 -0.16 -0.16 -0.16 -0.161 -0.162 -0.162 
-0.119 -0.118 -0.119 -0.119 -0.12 -0.12 -0.12 -0.123 -0.17 -0.17 -0.171 -0.171 -0.171 -0.172 -0.172 
-0.118 -0.123 -0.119 -0.12 -0.12 -0.12 -0.119 -0.119 -0.172 -0.173 -0.173 -0.174 -0.174 -0.174 -0.175 
-0.119 -0.12 -0.119 -0.119 -0.119 -0.12 -0.12 -0.12 -0.174 -0.172 -0.167 -0.165 -0.162 -0.16 -0.158 
-0.034 -0.059 -0.056 -0.052 -0.048 -0.045 -0.04 -0.037 -0.073 -0.066 -0.062 -0.059 -0.055 -0.052 -0.052 
-0.02 -0.0 -0.002 -0.006 -0.011 -0.014 -0.015 -0.017 -0.052 -0.052 -0.052 -0.052 -0.052 -0.052 -0.055 
0.079 0.0 -0.0 0.001 0.01 0.026 0.047 0.064 0.059 0.069 0.079 0.089 0.098 0.104 0.104 
0.166 0.134 0.143 0.149 0.155 0.159 0.161 0.162 0.142 0.144 0.144 0.146 0.145 0.144 0.144 
0.066 0.089 0.085 0.082 0.078 0.074 0.071 0.068 0.076 0.073 0.072 0.071 0.068 0.067 0.066 
0.038 0.057 0.054 0.049 0.046 0.042 0.04 0.039 0.058 0.056 0.056 0.055 0.055 0.055 0.054 
0.001 0.021 0.021 0.022 0.021 0.016 0.01 0.004 0.047 0.045 0.041 0.039 0.037 0.037 0.043 
0.034 0.05 0.047 0.044 0.043 0.041 0.039 0.036 0.057 0.056 0.055 0.054 0.053 0.052 0.05 
